 Mo Density=10.22 Thickness=1. microns
 Photon Energy (eV), Transmission
    5000.0      0.57463    
    5040.8      0.58153    
    5081.6      0.58830    
    5122.4      0.59495    
    5163.3      0.60149    
    5204.1      0.60790    
    5244.9      0.61419    
    5285.7      0.62038    
    5326.5      0.62644    
    5367.3      0.63240    
    5408.2      0.63824    
    5449.0      0.64398    
    5489.8      0.64961    
    5530.6      0.65514    
    5571.4      0.66056    
    5612.2      0.66588    
    5653.1      0.67111    
    5693.9      0.67623    
    5734.7      0.68126    
    5775.5      0.68620    
    5816.3      0.69104    
    5857.1      0.69580    
    5898.0      0.70046    
    5938.8      0.70504    
    5979.6      0.70953    
    6020.4      0.71394    
    6061.2      0.71826    
    6102.0      0.72251    
    6142.9      0.72668    
    6183.7      0.73076    
    6224.5      0.73479    
    6265.3      0.73876    
    6306.1      0.74266    
    6346.9      0.74652    
    6387.8      0.75031    
    6428.6      0.75404    
    6469.4      0.75769    
    6510.2      0.76128    
    6551.0      0.76480    
    6591.8      0.76825    
    6632.7      0.77164    
    6673.5      0.77497    
    6714.3      0.77824    
    6755.1      0.78144    
    6795.9      0.78459    
    6836.7      0.78768    
    6877.6      0.79072    
    6918.4      0.79369    
    6959.2      0.79662    
    7000.0      0.79949    
    7040.8      0.80231    
    7081.6      0.80508    
    7122.4      0.80780    
    7163.3      0.81048    
    7204.1      0.81310    
    7244.9      0.81568    
    7285.7      0.81821    
    7326.5      0.82070    
    7367.3      0.82314    
    7408.2      0.82554    
    7449.0      0.82790    
    7489.8      0.83022    
    7530.6      0.83249    
    7571.4      0.83473    
    7612.2      0.83693    
    7653.1      0.83909    
    7693.9      0.84121    
    7734.7      0.84330    
    7775.5      0.84535    
    7816.3      0.84737    
    7857.1      0.84935    
    7898.0      0.85130    
    7938.8      0.85322    
    7979.6      0.85510    
    8020.4      0.85695    
    8061.2      0.85877    
    8102.0      0.86056    
    8142.9      0.86233    
    8183.7      0.86406    
    8224.5      0.86576    
    8265.3      0.86744    
    8306.1      0.86909    
    8346.9      0.87071    
    8387.8      0.87230    
    8428.6      0.87387    
    8469.4      0.87542    
    8510.2      0.87693    
    8551.0      0.87843    
    8591.8      0.87990    
    8632.7      0.88135    
    8673.5      0.88277    
    8714.3      0.88417    
    8755.1      0.88555    
    8795.9      0.88691    
    8836.7      0.88825    
    8877.6      0.88956    
    8918.4      0.89086    
    8959.2      0.89213    
    9000.0      0.89339    
    9040.8      0.89464    
    9081.6      0.89586    
    9122.4      0.89707    
    9163.3      0.89826    
    9204.1      0.89943    
    9244.9      0.90058    
    9285.7      0.90172    
    9326.5      0.90284    
    9367.3      0.90394    
    9408.2      0.90503    
    9449.0      0.90609    
    9489.8      0.90715    
    9530.6      0.90819    
    9571.4      0.90921    
    9612.2      0.91021    
    9653.1      0.91121    
    9693.9      0.91218    
    9734.7      0.91315    
    9775.5      0.91410    
    9816.3      0.91504    
    9857.1      0.91596    
    9898.0      0.91687    
    9938.8      0.91777    
    9979.6      0.91865    
    10020.      0.91952    
    10061.      0.92038    
    10102.      0.92123    
    10143.      0.92206    
    10184.      0.92288    
    10224.      0.92370    
    10265.      0.92450    
    10306.      0.92529    
    10347.      0.92606    
    10388.      0.92683    
    10429.      0.92759    
    10469.      0.92833    
    10510.      0.92907    
    10551.      0.92980    
    10592.      0.93051    
    10633.      0.93122    
    10673.      0.93192    
    10714.      0.93261    
    10755.      0.93328    
    10796.      0.93395    
    10837.      0.93461    
    10878.      0.93527    
    10918.      0.93591    
    10959.      0.93654    
    11000.      0.93717    
    11041.      0.93779    
    11082.      0.93840    
    11122.      0.93900    
    11163.      0.93959    
    11204.      0.94018    
    11245.      0.94076    
    11286.      0.94133    
    11327.      0.94189    
    11367.      0.94245    
    11408.      0.94300    
    11449.      0.94354    
    11490.      0.94408    
    11531.      0.94461    
    11571.      0.94513    
    11612.      0.94565    
    11653.      0.94616    
    11694.      0.94666    
    11735.      0.94715    
    11776.      0.94764    
    11816.      0.94813    
    11857.      0.94861    
    11898.      0.94908    
    11939.      0.94955    
    11980.      0.95001    
    12020.      0.95046    
    12061.      0.95091    
    12102.      0.95136    
    12143.      0.95180    
    12184.      0.95223    
    12224.      0.95266    
    12265.      0.95308    
    12306.      0.95350    
    12347.      0.95391    
    12388.      0.95432    
    12429.      0.95472    
    12469.      0.95512    
    12510.      0.95552    
    12551.      0.95591    
    12592.      0.95629    
    12633.      0.95667    
    12673.      0.95705    
    12714.      0.95742    
    12755.      0.95778    
    12796.      0.95815    
    12837.      0.95851    
    12878.      0.95886    
    12918.      0.95921    
    12959.      0.95956    
    13000.      0.95990    
    13041.      0.96024    
    13082.      0.96057    
    13122.      0.96090    
    13163.      0.96123    
    13204.      0.96156    
    13245.      0.96188    
    13286.      0.96219    
    13327.      0.96251    
    13367.      0.96281    
    13408.      0.96312    
    13449.      0.96342    
    13490.      0.96372    
    13531.      0.96402    
    13571.      0.96431    
    13612.      0.96460    
    13653.      0.96489    
    13694.      0.96517    
    13735.      0.96545    
    13776.      0.96573    
    13816.      0.96600    
    13857.      0.96627    
    13898.      0.96654    
    13939.      0.96681    
    13980.      0.96707    
    14020.      0.96733    
    14061.      0.96759    
    14102.      0.96784    
    14143.      0.96809    
    14184.      0.96834    
    14224.      0.96859    
    14265.      0.96883    
    14306.      0.96907    
    14347.      0.96931    
    14388.      0.96955    
    14429.      0.96978    
    14469.      0.97001    
    14510.      0.97024    
    14551.      0.97047    
    14592.      0.97069    
    14633.      0.97091    
    14673.      0.97113    
    14714.      0.97135    
    14755.      0.97157    
    14796.      0.97178    
    14837.      0.97199    
    14878.      0.97220    
    14918.      0.97241    
    14959.      0.97261    
    15000.      0.97281    
    15041.      0.97301    
    15082.      0.97321    
    15122.      0.97341    
    15163.      0.97360    
    15204.      0.97380    
    15245.      0.97399    
    15286.      0.97418    
    15327.      0.97436    
    15367.      0.97455    
    15408.      0.97473    
    15449.      0.97491    
    15490.      0.97509    
    15531.      0.97527    
    15571.      0.97545    
    15612.      0.97562    
    15653.      0.97580    
    15694.      0.97597    
    15735.      0.97614    
    15776.      0.97630    
    15816.      0.97647    
    15857.      0.97664    
    15898.      0.97680    
    15939.      0.97696    
    15980.      0.97712    
    16020.      0.97728    
    16061.      0.97744    
    16102.      0.97759    
    16143.      0.97775    
    16184.      0.97790    
    16224.      0.97805    
    16265.      0.97820    
    16306.      0.97835    
    16347.      0.97850    
    16388.      0.97865    
    16429.      0.97879    
    16469.      0.97893    
    16510.      0.97908    
    16551.      0.97922    
    16592.      0.97936    
    16633.      0.97949    
    16673.      0.97963    
    16714.      0.97977    
    16755.      0.97990    
    16796.      0.98003    
    16837.      0.98017    
    16878.      0.98030    
    16918.      0.98043    
    16959.      0.98056    
    17000.      0.98068    
    17041.      0.98081    
    17082.      0.98094    
    17122.      0.98106    
    17163.      0.98118    
    17204.      0.98130    
    17245.      0.98143    
    17286.      0.98155    
    17327.      0.98166    
    17367.      0.98178    
    17408.      0.98190    
    17449.      0.98201    
    17490.      0.98213    
    17531.      0.98224    
    17571.      0.98236    
    17612.      0.98247    
    17653.      0.98258    
    17694.      0.98269    
    17735.      0.98280    
    17776.      0.98290    
    17816.      0.98301    
    17857.      0.98312    
    17898.      0.98322    
    17939.      0.98333    
    17980.      0.98343    
    18020.      0.98353    
    18061.      0.98364    
    18102.      0.98374    
    18143.      0.98384    
    18184.      0.98394    
    18224.      0.98403    
    18265.      0.98413    
    18306.      0.98423    
    18347.      0.98432    
    18388.      0.98442    
    18429.      0.98451    
    18469.      0.98461    
    18510.      0.98470    
    18551.      0.98479    
    18592.      0.98488    
    18633.      0.98497    
    18673.      0.98506    
    18714.      0.98515    
    18755.      0.98524    
    18796.      0.98533    
    18837.      0.98542    
    18878.      0.98550    
    18918.      0.98559    
    18959.      0.98567    
    19000.      0.98576    
    19041.      0.98584    
    19082.      0.98592    
    19122.      0.98601    
    19163.      0.98609    
    19204.      0.98617    
    19245.      0.98625    
    19286.      0.98633    
    19327.      0.98641    
    19367.      0.98649    
    19408.      0.98656    
    19449.      0.98664    
    19490.      0.98672    
    19531.      0.98679    
    19571.      0.98687    
    19612.      0.98694    
    19653.      0.98702    
    19694.      0.98709    
    19735.      0.98717    
    19776.      0.98724    
    19816.      0.98731    
    19857.      0.98738    
    19898.      0.98745    
    19939.      0.98752    
    19980.      0.98759    
    20020.      0.92022    
    20061.      0.92062    
    20102.      0.92102    
    20143.      0.92141    
    20184.      0.92180    
    20224.      0.92219    
    20265.      0.92258    
    20306.      0.92296    
    20347.      0.92334    
    20388.      0.92372    
    20429.      0.92410    
    20469.      0.92447    
    20510.      0.92484    
    20551.      0.92521    
    20592.      0.92558    
    20633.      0.92595    
    20673.      0.92631    
    20714.      0.92667    
    20755.      0.92703    
    20796.      0.92738    
    20837.      0.92774    
    20878.      0.92809    
    20918.      0.92844    
    20959.      0.92878    
    21000.      0.92913    
    21041.      0.92947    
    21082.      0.92981    
    21122.      0.93015    
    21163.      0.93049    
    21204.      0.93082    
    21245.      0.93116    
    21286.      0.93149    
    21327.      0.93181    
    21367.      0.93214    
    21408.      0.93246    
    21449.      0.93279    
    21490.      0.93311    
    21531.      0.93342    
    21571.      0.93374    
    21612.      0.93406    
    21653.      0.93437    
    21694.      0.93468    
    21735.      0.93499    
    21776.      0.93529    
    21816.      0.93560    
    21857.      0.93590    
    21898.      0.93620    
    21939.      0.93650    
    21980.      0.93680    
    22020.      0.93710    
    22061.      0.93739    
    22102.      0.93768    
    22143.      0.93797    
    22184.      0.93826    
    22224.      0.93855    
    22265.      0.93884    
    22306.      0.93912    
    22347.      0.93940    
    22388.      0.93968    
    22429.      0.93996    
    22469.      0.94024    
    22510.      0.94051    
    22551.      0.94079    
    22592.      0.94106    
    22633.      0.94133    
    22673.      0.94160    
    22714.      0.94186    
    22755.      0.94213    
    22796.      0.94239    
    22837.      0.94266    
    22878.      0.94292    
    22918.      0.94318    
    22959.      0.94343    
    23000.      0.94369    
    23041.      0.94395    
    23082.      0.94420    
    23122.      0.94445    
    23163.      0.94470    
    23204.      0.94495    
    23245.      0.94520    
    23286.      0.94544    
    23327.      0.94569    
    23367.      0.94593    
    23408.      0.94617    
    23449.      0.94641    
    23490.      0.94665    
    23531.      0.94689    
    23571.      0.94713    
    23612.      0.94736    
    23653.      0.94760    
    23694.      0.94783    
    23735.      0.94806    
    23776.      0.94829    
    23816.      0.94852    
    23857.      0.94874    
    23898.      0.94897    
    23939.      0.94919    
    23980.      0.94942    
    24020.      0.94964    
    24061.      0.94986    
    24102.      0.95008    
    24143.      0.95030    
    24184.      0.95051    
    24224.      0.95073    
    24265.      0.95094    
    24306.      0.95115    
    24347.      0.95137    
    24388.      0.95158    
    24429.      0.95179    
    24469.      0.95200    
    24510.      0.95220    
    24551.      0.95241    
    24592.      0.95261    
    24633.      0.95282    
    24673.      0.95302    
    24714.      0.95322    
    24755.      0.95342    
    24796.      0.95362    
    24837.      0.95382    
    24878.      0.95402    
    24918.      0.95421    
    24959.      0.95441    
    25000.      0.95460    