 Ti Density=4.54 Thickness=1. microns
 Photon Energy (eV), Transmission
    5000.0      0.72682    
    5040.8      0.73140    
    5081.6      0.73588    
    5122.4      0.74028    
    5163.3      0.74460    
    5204.1      0.74884    
    5244.9      0.75299    
    5285.7      0.75707    
    5326.5      0.76108    
    5367.3      0.76500    
    5408.2      0.76885    
    5449.0      0.77263    
    5489.8      0.77633    
    5530.6      0.77997    
    5571.4      0.78354    
    5612.2      0.78704    
    5653.1      0.79047    
    5693.9      0.79384    
    5734.7      0.79715    
    5775.5      0.80039    
    5816.3      0.80356    
    5857.1      0.80668    
    5898.0      0.80974    
    5938.8      0.81274    
    5979.6      0.81569    
    6020.4      0.81858    
    6061.2      0.82141    
    6102.0      0.82419    
    6142.9      0.82692    
    6183.7      0.82960    
    6224.5      0.83223    
    6265.3      0.83480    
    6306.1      0.83733    
    6346.9      0.83981    
    6387.8      0.84225    
    6428.6      0.84464    
    6469.4      0.84699    
    6510.2      0.84929    
    6551.0      0.85155    
    6591.8      0.85377    
    6632.7      0.85594    
    6673.5      0.85808    
    6714.3      0.86018    
    6755.1      0.86223    
    6795.9      0.86426    
    6836.7      0.86624    
    6877.6      0.86819    
    6918.4      0.87010    
    6959.2      0.87198    
    7000.0      0.87383    
    7040.8      0.87563    
    7081.6      0.87741    
    7122.4      0.87916    
    7163.3      0.88088    
    7204.1      0.88256    
    7244.9      0.88421    
    7285.7      0.88584    
    7326.5      0.88744    
    7367.3      0.88901    
    7408.2      0.89055    
    7449.0      0.89206    
    7489.8      0.89355    
    7530.6      0.89501    
    7571.4      0.89645    
    7612.2      0.89786    
    7653.1      0.89925    
    7693.9      0.90061    
    7734.7      0.90195    
    7775.5      0.90327    
    7816.3      0.90456    
    7857.1      0.90583    
    7898.0      0.90708    
    7938.8      0.90831    
    7979.6      0.90952    
    8020.4      0.91071    
    8061.2      0.91188    
    8102.0      0.91303    
    8142.9      0.91416    
    8183.7      0.91527    
    8224.5      0.91636    
    8265.3      0.91743    
    8306.1      0.91849    
    8346.9      0.91953    
    8387.8      0.92055    
    8428.6      0.92156    
    8469.4      0.92255    
    8510.2      0.92352    
    8551.0      0.92448    
    8591.8      0.92542    
    8632.7      0.92635    
    8673.5      0.92726    
    8714.3      0.92816    
    8755.1      0.92905    
    8795.9      0.92992    
    8836.7      0.93077    
    8877.6      0.93161    
    8918.4      0.93244    
    8959.2      0.93326    
    9000.0      0.93406    
    9040.8      0.93485    
    9081.6      0.93563    
    9122.4      0.93640    
    9163.3      0.93716    
    9204.1      0.93790    
    9244.9      0.93863    
    9285.7      0.93935    
    9326.5      0.94006    
    9367.3      0.94076    
    9408.2      0.94145    
    9449.0      0.94213    
    9489.8      0.94280    
    9530.6      0.94345    
    9571.4      0.94410    
    9612.2      0.94474    
    9653.1      0.94537    
    9693.9      0.94599    
    9734.7      0.94660    
    9775.5      0.94720    
    9816.3      0.94780    
    9857.1      0.94838    
    9898.0      0.94896    
    9938.8      0.94952    
    9979.6      0.95008    
    10020.      0.95063    
    10061.      0.95118    
    10102.      0.95171    
    10143.      0.95224    
    10184.      0.95276    
    10224.      0.95327    
    10265.      0.95378    
    10306.      0.95428    
    10347.      0.95477    
    10388.      0.95526    
    10429.      0.95573    
    10469.      0.95621    
    10510.      0.95667    
    10551.      0.95713    
    10592.      0.95758    
    10633.      0.95803    
    10673.      0.95847    
    10714.      0.95890    
    10755.      0.95933    
    10796.      0.95975    
    10837.      0.96017    
    10878.      0.96058    
    10918.      0.96098    
    10959.      0.96138    
    11000.      0.96178    
    11041.      0.96217    
    11082.      0.96255    
    11122.      0.96293    
    11163.      0.96330    
    11204.      0.96367    
    11245.      0.96403    
    11286.      0.96439    
    11327.      0.96475    
    11367.      0.96510    
    11408.      0.96544    
    11449.      0.96578    
    11490.      0.96612    
    11531.      0.96645    
    11571.      0.96678    
    11612.      0.96711    
    11653.      0.96742    
    11694.      0.96774    
    11735.      0.96805    
    11776.      0.96836    
    11816.      0.96866    
    11857.      0.96896    
    11898.      0.96926    
    11939.      0.96955    
    11980.      0.96984    
    12020.      0.97013    
    12061.      0.97041    
    12102.      0.97069    
    12143.      0.97096    
    12184.      0.97123    
    12224.      0.97150    
    12265.      0.97176    
    12306.      0.97203    
    12347.      0.97228    
    12388.      0.97254    
    12429.      0.97279    
    12469.      0.97304    
    12510.      0.97329    
    12551.      0.97353    
    12592.      0.97377    
    12633.      0.97401    
    12673.      0.97424    
    12714.      0.97447    
    12755.      0.97470    
    12796.      0.97493    
    12837.      0.97515    
    12878.      0.97537    
    12918.      0.97559    
    12959.      0.97581    
    13000.      0.97602    
    13041.      0.97623    
    13082.      0.97644    
    13122.      0.97665    
    13163.      0.97685    
    13204.      0.97705    
    13245.      0.97725    
    13286.      0.97745    
    13327.      0.97764    
    13367.      0.97784    
    13408.      0.97803    
    13449.      0.97821    
    13490.      0.97840    
    13531.      0.97858    
    13571.      0.97876    
    13612.      0.97894    
    13653.      0.97912    
    13694.      0.97930    
    13735.      0.97947    
    13776.      0.97964    
    13816.      0.97981    
    13857.      0.97998    
    13898.      0.98015    
    13939.      0.98031    
    13980.      0.98048    
    14020.      0.98064    
    14061.      0.98079    
    14102.      0.98095    
    14143.      0.98111    
    14184.      0.98126    
    14224.      0.98141    
    14265.      0.98157    
    14306.      0.98171    
    14347.      0.98186    
    14388.      0.98201    
    14429.      0.98215    
    14469.      0.98230    
    14510.      0.98244    
    14551.      0.98258    
    14592.      0.98271    
    14633.      0.98285    
    14673.      0.98299    
    14714.      0.98312    
    14755.      0.98325    
    14796.      0.98339    
    14837.      0.98352    
    14878.      0.98364    
    14918.      0.98377    
    14959.      0.98390    
    15000.      0.98402    
    15041.      0.98415    
    15082.      0.98427    
    15122.      0.98439    
    15163.      0.98451    
    15204.      0.98463    
    15245.      0.98474    
    15286.      0.98486    
    15327.      0.98498    
    15367.      0.98509    
    15408.      0.98520    
    15449.      0.98531    
    15490.      0.98542    
    15531.      0.98553    
    15571.      0.98564    
    15612.      0.98575    
    15653.      0.98585    
    15694.      0.98596    
    15735.      0.98606    
    15776.      0.98617    
    15816.      0.98627    
    15857.      0.98637    
    15898.      0.98647    
    15939.      0.98657    
    15980.      0.98667    
    16020.      0.98676    
    16061.      0.98686    
    16102.      0.98696    
    16143.      0.98705    
    16184.      0.98714    
    16224.      0.98724    
    16265.      0.98733    
    16306.      0.98742    
    16347.      0.98751    
    16388.      0.98760    
    16429.      0.98769    
    16469.      0.98777    
    16510.      0.98786    
    16551.      0.98795    
    16592.      0.98803    
    16633.      0.98811    
    16673.      0.98820    
    16714.      0.98828    
    16755.      0.98836    
    16796.      0.98844    
    16837.      0.98852    
    16878.      0.98860    
    16918.      0.98868    
    16959.      0.98876    
    17000.      0.98884    
    17041.      0.98892    
    17082.      0.98899    
    17122.      0.98907    
    17163.      0.98914    
    17204.      0.98922    
    17245.      0.98929    
    17286.      0.98936    
    17327.      0.98943    
    17367.      0.98950    
    17408.      0.98958    
    17449.      0.98965    
    17490.      0.98972    
    17531.      0.98978    
    17571.      0.98985    
    17612.      0.98992    
    17653.      0.98999    
    17694.      0.99005    
    17735.      0.99012    
    17776.      0.99018    
    17816.      0.99025    
    17857.      0.99031    
    17898.      0.99038    
    17939.      0.99044    
    17980.      0.99050    
    18020.      0.99056    
    18061.      0.99063    
    18102.      0.99069    
    18143.      0.99075    
    18184.      0.99081    
    18224.      0.99087    
    18265.      0.99093    
    18306.      0.99098    
    18347.      0.99104    
    18388.      0.99110    
    18429.      0.99116    
    18469.      0.99121    
    18510.      0.99127    
    18551.      0.99132    
    18592.      0.99138    
    18633.      0.99143    
    18673.      0.99149    
    18714.      0.99154    
    18755.      0.99159    
    18796.      0.99165    
    18837.      0.99170    
    18878.      0.99175    
    18918.      0.99180    
    18959.      0.99185    
    19000.      0.99190    
    19041.      0.99195    
    19082.      0.99200    
    19122.      0.99205    
    19163.      0.99210    
    19204.      0.99215    
    19245.      0.99220    
    19286.      0.99224    
    19327.      0.99229    
    19367.      0.99234    
    19408.      0.99239    
    19449.      0.99243    
    19490.      0.99248    
    19531.      0.99252    
    19571.      0.99257    
    19612.      0.99261    
    19653.      0.99266    
    19694.      0.99270    
    19735.      0.99274    
    19776.      0.99279    
    19816.      0.99283    
    19857.      0.99287    
    19898.      0.99292    
    19939.      0.99296    
    19980.      0.99300    
    20020.      0.99304    
    20061.      0.99308    
    20102.      0.99312    
    20143.      0.99316    
    20184.      0.99320    
    20224.      0.99324    
    20265.      0.99328    
    20306.      0.99332    
    20347.      0.99336    
    20388.      0.99340    
    20429.      0.99344    
    20469.      0.99347    
    20510.      0.99351    
    20551.      0.99355    
    20592.      0.99359    
    20633.      0.99362    
    20673.      0.99366    
    20714.      0.99370    
    20755.      0.99373    
    20796.      0.99377    
    20837.      0.99380    
    20878.      0.99384    
    20918.      0.99387    
    20959.      0.99391    
    21000.      0.99394    
    21041.      0.99398    
    21082.      0.99401    
    21122.      0.99404    
    21163.      0.99408    
    21204.      0.99411    
    21245.      0.99414    
    21286.      0.99417    
    21327.      0.99421    
    21367.      0.99424    
    21408.      0.99427    
    21449.      0.99430    
    21490.      0.99433    
    21531.      0.99436    
    21571.      0.99440    
    21612.      0.99443    
    21653.      0.99446    
    21694.      0.99449    
    21735.      0.99452    
    21776.      0.99455    
    21816.      0.99458    
    21857.      0.99461    
    21898.      0.99463    
    21939.      0.99466    
    21980.      0.99469    
    22020.      0.99472    
    22061.      0.99475    
    22102.      0.99478    
    22143.      0.99481    
    22184.      0.99483    
    22224.      0.99486    
    22265.      0.99489    
    22306.      0.99492    
    22347.      0.99494    
    22388.      0.99497    
    22429.      0.99500    
    22469.      0.99502    
    22510.      0.99505    
    22551.      0.99507    
    22592.      0.99510    
    22633.      0.99513    
    22673.      0.99515    
    22714.      0.99518    
    22755.      0.99520    
    22796.      0.99523    
    22837.      0.99525    
    22878.      0.99528    
    22918.      0.99530    
    22959.      0.99532    
    23000.      0.99535    
    23041.      0.99537    
    23082.      0.99540    
    23122.      0.99542    
    23163.      0.99544    
    23204.      0.99547    
    23245.      0.99549    
    23286.      0.99551    
    23327.      0.99554    
    23367.      0.99556    
    23408.      0.99558    
    23449.      0.99560    
    23490.      0.99562    
    23531.      0.99565    
    23571.      0.99567    
    23612.      0.99569    
    23653.      0.99571    
    23694.      0.99573    
    23735.      0.99575    
    23776.      0.99578    
    23816.      0.99580    
    23857.      0.99582    
    23898.      0.99584    
    23939.      0.99586    
    23980.      0.99588    
    24020.      0.99590    
    24061.      0.99592    
    24102.      0.99594    
    24143.      0.99596    
    24184.      0.99598    
    24224.      0.99600    
    24265.      0.99602    
    24306.      0.99604    
    24347.      0.99606    
    24388.      0.99608    
    24429.      0.99610    
    24469.      0.99612    
    24510.      0.99613    
    24551.      0.99615    
    24592.      0.99617    
    24633.      0.99619    
    24673.      0.99621    
    24714.      0.99623    
    24755.      0.99624    
    24796.      0.99626    
    24837.      0.99628    
    24878.      0.99630    
    24918.      0.99632    
    24959.      0.99633    
    25000.      0.99635    